Z	rvdW
1	1.20
2	1.43
3	2.12
4	1.98
5	1.91
6	1.77
7	1.66
8	1.50
9	1.46
10	1.58
11	2.50
12	2.51
13	2.25
14	2.19
15	1.90
16	1.89
17	1.82
18	1.83
19	2.73
20	2.62
21	2.58
22	2.46
23	2.42
24	2.45
25	2.45
26	2.44
27	2.40
28	2.40
29	2.38
30	2.39
31	2.32
32	2.29
33	1.88
34	1.82
35	1.86
36	2.25
37	3.21
38	2.84
39	2.75
40	2.52
41	2.56
42	2.45
43	2.44
44	2.46
45	2.44
46	2.15
47	2.53
48	2.49
49	2.43
50	2.42
51	2.47
52	1.99
53	2.04
54	2.06
55	3.48
56	3.03
57	2.98
58	2.88
59	2.92
60	2.95
62	2.90
63	2.87
64	2.83
65	2.79
66	2.87
67	2.81
68	2.83
69	2.79
70	2.80
71	2.74
72	2.63
73	2.53
74	2.57
75	2.49
76	2.48
77	2.41
78	2.29
79	2.32
80	2.45
81	2.47
82	2.60
83	2.54
89	2.8
90	2.93
91	2.88
92	2.71
93	2.82
94	2.81
95	2.83
96	3.05
97	3.4
98	3.05
99	2.7
